%EECS 230 Lab 2.3.2

short      = [0.06031+2.208j 0.07049+3.2748j 0.1680+4.621j 0.01835+5.789j];
open       = [51.12-927.1j -16.49-713.9j -3.485-483.5j 8.908-304.2j];
resistive  = [11.57+19.34j 14.05+31.05j 18.65+45.98j 28.90+66.99j];
capacitive = [2.895-750.6j 1.832-524.7j -2.166-377.4j 10.91-293.2j];
series     = [11.10+11.26j 14.76+28.21j 23.72+50.55j 52.46+88.62j];
parallel   = [5.481+12.63j 2.812+23.12j 1.168+35.15j 341.0+48.125j];

r = 10;
c = 39*1.0e-12;
%l = 2cm;
epsr = 7;